14 13 0 1583 290 0 12
0 19 9.389750
12 13 9.972915
10 20 4.273515
10 3 8.783211
8 10 6.753051
2 4 3.946125
23 23 8.849293
21 8 7.506534
1 3 0.567679
0 9 0.439997
22 12 2.377134
23 17 4.065697
18 9 0.145164
5 14 1.200870
0 9 26.050531 16.493783
0 5 35.240026 18.383097
0 1 36.850733 21.750513
1 7 6.994377 14.375847
2 13 24.574697 9.215569
3 4 5.718146 7.904290
4 12 8.873253 13.462846
4 9 11.492926 9.176706
4 8 3.088208 18.001993
4 6 9.833096 25.498873
6 10 38.396792 21.599494
10 11 33.618226 8.364635
12 13 27.888312 23.825528
