14 13 1 11730 1152 0 12
0 19 8.549112
12 13 3.331395
10 20 7.283840
10 3 7.000169
8 10 8.199412
2 4 6.202907
23 23 1.215152
21 8 0.592171
1 3 0.348771
0 9 7.101557
22 12 4.176698
23 17 4.189022
18 9 7.700816
5 14 4.497882
0 9 21.597595 11.623947
0 5 3.858914 22.738092
0 1 30.515981 25.350023
1 7 37.814481 16.907912
2 13 29.874762 7.861402
3 4 36.496963 9.211330
4 12 11.670930 11.107076
4 9 16.218392 10.052418
4 8 4.070409 14.527502
4 6 7.835335 34.510211
6 10 22.341619 19.901279
10 11 36.931697 9.260707
12 13 34.042050 22.532756
