14 13 0 28189 379 0 12
0 19 0.481100
12 13 1.381300
10 20 7.042778
10 3 1.987684
8 10 7.221859
2 4 8.717215
23 23 4.562491
21 8 9.906866
1 3 7.542396
0 9 8.474725
22 12 1.220463
23 17 4.627305
18 9 2.976758
5 14 4.816528
0 9 29.534730 16.718060
0 5 19.428682 16.192598
0 1 22.818716 26.561785
1 7 25.822175 16.160161
2 13 5.784004 13.651239
3 4 17.956988 13.812313
4 12 36.682623 18.045435
4 9 25.493619 11.420257
4 8 18.584738 17.860086
4 6 20.336758 35.242084
6 10 19.906257 18.372708
10 11 4.785439 7.037363
12 13 5.375203 20.730219
