14 13 0 23035 267 0 12
0 19 0.095675
12 13 9.819648
10 20 6.676819
10 3 2.901849
8 10 6.824469
2 4 5.452882
23 23 5.049354
21 8 1.457245
1 3 2.903653
0 9 0.890570
22 12 1.277941
23 17 5.003390
18 9 5.641826
5 14 0.678299
0 9 15.237649 13.791438
0 5 14.829489 23.446935
0 1 32.553542 22.895304
1 7 15.112786 12.429113
2 13 14.268060 15.084769
3 4 33.916069 13.009161
4 12 32.213240 11.655917
4 9 5.468924 11.016537
4 8 15.040030 17.174694
4 6 16.103517 22.205321
6 10 32.045393 18.403622
10 11 6.844845 9.932258
12 13 9.529656 27.116613
