14 13 1 27065 370 0 12
0 19 5.578344
12 13 2.650572
10 20 2.359708
10 3 7.853058
8 10 0.804436
2 4 6.439509
23 23 0.058545
21 8 4.434518
1 3 0.401514
0 9 7.882769
22 12 6.613322
23 17 7.507959
18 9 4.906691
5 14 6.932744
0 9 7.084325 11.710722
0 5 21.199597 25.446803
0 1 9.749740 24.688789
1 7 33.577846 15.547413
2 13 27.703557 14.557187
3 4 32.587719 11.593599
4 12 14.616717 18.967432
4 9 29.553701 9.151640
4 8 27.718224 18.045840
4 6 2.355036 19.926841
6 10 3.373734 16.327930
10 11 19.364633 8.682747
12 13 29.719131 21.279724
