14 13 0 22403 1098 0 12
0 19 4.669842
12 13 5.459766
10 20 6.110733
10 3 3.038118
8 10 3.398206
2 4 8.432568
23 23 1.928818
21 8 8.817871
1 3 2.509517
0 9 1.721616
22 12 1.281212
23 17 0.281676
18 9 9.431783
5 14 4.333840
0 9 25.249022 15.037034
0 5 30.971983 20.957884
0 1 35.663304 21.560891
1 7 26.945441 11.650021
2 13 11.916032 11.377297
3 4 24.539011 14.251629
4 12 23.414657 19.075311
4 9 8.826618 12.239666
4 8 39.405115 15.898480
4 6 8.682489 35.066843
6 10 4.258506 14.236804
10 11 19.272859 5.406587
12 13 12.450827 27.693114
