14 13 0 32142 896 0 12
0 19 5.851368
12 13 8.589880
10 20 8.121973
10 3 6.608055
8 10 4.495537
2 4 6.123590
23 23 1.840661
21 8 3.118366
1 3 0.987510
0 9 8.867065
22 12 0.218812
23 17 2.768290
18 9 1.980611
5 14 3.141240
0 9 22.060402 15.279149
0 5 0.714660 19.541262
0 1 19.189592 13.588224
1 7 12.368176 11.567771
2 13 28.031273 12.094318
3 4 30.391714 8.832453
4 12 6.634684 13.392347
4 9 30.186614 13.545000
4 8 10.607489 12.421167
4 6 2.676987 32.030105
6 10 2.528282 21.273284
10 11 4.402352 8.562700
12 13 31.121389 19.152142
