14 13 0 47734 1434 0 12
0 19 2.585269
12 13 7.332774
10 20 3.366395
10 3 2.725744
8 10 2.215210
2 4 0.192898
23 23 2.726971
21 8 5.770710
1 3 9.802070
0 9 9.407213
22 12 4.511616
23 17 0.466295
18 9 0.077612
5 14 0.866428
0 9 12.322877 18.600703
0 5 5.806121 18.826997
0 1 7.453136 22.268550
1 7 12.762238 13.796426
2 13 8.324298 14.311627
3 4 5.406488 12.765756
4 12 13.468487 17.997117
4 9 39.873778 14.534980
4 8 2.454774 17.682499
4 6 4.913664 34.341939
6 10 38.065713 14.733891
10 11 24.265635 5.823750
12 13 4.893537 21.292520
