14 13 1 3750 375 0 12
0 19 5.114199
12 13 0.865962
10 20 9.566857
10 3 5.822824
8 10 8.710532
2 4 7.810281
23 23 7.157476
21 8 3.513033
1 3 7.674152
0 9 5.318172
22 12 5.612137
23 17 5.117752
18 9 0.113644
5 14 9.055061
0 9 38.492863 10.040768
0 5 23.887101 30.161357
0 1 10.247480 16.361527
1 7 22.714799 14.039160
2 13 8.803011 14.343797
3 4 36.740789 10.419433
4 12 1.857114 13.867261
4 9 9.009203 10.714101
4 8 33.613622 10.911500
4 6 2.356547 26.039008
6 10 7.315178 15.713384
10 11 5.534819 9.381899
12 13 24.294278 21.368694
