14 13 0 21600 397 0 13
0 19 22.045575
12 13 11.546711
10 20 13.382686
10 3 1.892378
8 10 5.929408
2 4 24.582847
23 23 2.692711
21 8 22.537670
1 3 17.865352
0 9 21.115517
22 12 22.743862
23 17 8.703942
18 9 15.599906
5 14 13.790489
0 9 32.338556 16.930198
0 5 6.231725 18.589583
0 1 48.580621 17.637257
1 7 20.153000 15.508045
2 13 12.422426 14.973110
3 4 7.612924 11.517323
4 12 0.846797 17.071889
4 9 26.016227 15.090076
4 8 37.675826 14.901939
4 6 2.031530 39.345407
6 10 10.968465 20.204303
10 11 46.846003 5.221113
12 13 36.927928 15.611997
