14 13 1 2717 1126 0 13
0 19 8.571284
12 13 7.677345
10 20 12.913278
10 3 14.549000
8 10 24.094060
2 4 15.396090
23 23 10.657888
21 8 20.359437
1 3 20.258154
0 9 12.923318
22 12 14.318495
23 17 2.395006
18 9 13.566719
5 14 13.109194
0 9 30.085268 14.289837
0 5 0.728940 29.966702
0 1 39.901680 22.339663
1 7 13.659600 20.128524
2 13 9.766245 11.936767
3 4 28.541331 11.103202
4 12 19.004256 18.767813
4 9 8.920980 12.960312
4 8 47.519010 17.222919
4 6 12.815430 29.486599
6 10 22.463789 16.925251
10 11 47.932786 9.546141
12 13 34.123919 17.600653
