14 13 1 34642 366 0 13
0 19 1.744782
12 13 1.111701
10 20 4.952601
10 3 13.669110
8 10 4.490360
2 4 21.873999
23 23 3.269466
21 8 16.357282
1 3 21.746909
0 9 12.319732
22 12 13.898249
23 17 9.436703
18 9 6.750669
5 14 19.415341
0 9 28.004592 14.070661
0 5 25.601500 17.396402
0 1 45.446911 20.433712
1 7 34.960115 11.604903
2 13 16.727708 12.653430
3 4 12.146835 9.400896
4 12 11.832011 11.764109
4 9 1.317806 10.250564
4 8 17.060863 16.853267
4 6 45.027056 21.255253
6 10 12.521929 20.853439
10 11 0.938015 9.053315
12 13 32.268872 26.529817
