14 13 0 42758 333 0 13
0 19 13.665664
12 13 1.423144
10 20 3.688916
10 3 5.665514
8 10 0.360998
2 4 15.838956
23 23 13.825274
21 8 16.693915
1 3 19.361714
0 9 1.004258
22 12 10.166022
23 17 6.103743
18 9 23.680980
5 14 22.622784
0 9 31.048045 13.836237
0 5 9.103215 28.813984
0 1 46.279339 15.256810
1 7 28.617592 13.238121
2 13 22.991792 14.217996
3 4 28.797883 9.038949
4 12 14.523457 19.126143
4 9 39.868837 10.384740
4 8 41.734754 11.118905
4 6 13.536784 36.806854
6 10 43.437122 11.722615
10 11 30.716331 9.710032
12 13 33.938125 21.400955
