14 13 0 32767 983 0 13
0 19 12.543175
12 13 13.506938
10 20 17.621890
10 3 16.514707
8 10 19.294661
2 4 2.675624
23 23 16.193135
21 8 16.507200
1 3 19.393777
0 9 17.371454
22 12 7.037986
23 17 6.866747
18 9 17.970417
5 14 11.579224
0 9 16.904407 17.323579
0 5 13.848870 22.099911
0 1 8.000997 15.961065
1 7 27.429634 14.694755
2 13 42.153606 9.509889
3 4 11.080630 11.709504
4 12 31.367923 13.265282
4 9 34.807452 15.157437
4 8 19.088783 10.427680
4 6 37.911516 24.542366
6 10 0.410650 11.513286
10 11 34.504465 9.510973
12 13 32.050317 23.239530
